200 100 200 400 700 400
300 200 200 0 0 0
300 200 200 0 0 200
600 100 200 0 0 400
300 200 200 0 100 400
600 100 200 0 200 0
200 200 200 0 200 200
300 200 200 0 300 0
200 200 200 0 300 400
800 100 200 0 400 200
200 200 200 0 500 0
200 200 200 0 500 200
400 200 200 0 500 400
800 200 200 200 200 200
400 200 200 200 300 400
400 200 200 200 500 0
800 200 200 200 500 200
400 200 200 300 0 0
400 200 200 300 0 200
400 200 200 300 100 400
400 200 200 300 300 0
800 200 200 400 500 400
800 200 200 600 300 400
600 200 200 600 500 0
800 200 200 700 0 0
600 200 200 700 0 200
600 200 200 700 0 400
800 200 200 700 200 0
600 200 200 1000 200 200
800 100 200 0 700 0
400 200 200 1000 400 200
400 200 200 1000 600 200
400 200 200 1200 500 0
400 200 200 1200 500 400
600 100 200 0 700 200
600 100 200 600 700 400
600 100 200 700 200 400
