800 100 200 0 700 400
400 200 200 800 500 400
600 200 200 0 500 400
400 200 200 1200 400 400
1200 100 200 0 400 400
200 200 200 1200 200 400
400 200 200 800 200 400
800 200 200 0 200 400
600 200 200 1000 0 400
200 200 200 800 0 400
800 200 200 0 0 400
600 100 200 200 700 200
400 200 200 1200 600 200
400 200 200 800 600 200
600 100 200 200 600 200
400 200 200 1100 400 200
300 200 200 800 400 200
800 200 200 0 400 200
400 200 200 1000 200 200
200 200 200 800 200 200
800 200 200 0 200 200
400 200 200 1100 0 200
300 200 200 800 0 200
800 200 200 0 0 200
600 100 200 200 700 0
300 200 200 1000 600 0
600 100 200 400 600 0
200 100 200 200 600 0
200 200 400 0 600 0
600 200 200 1000 400 0
200 200 200 800 400 0
800 200 200 0 400 0
400 200 200 1100 200 0
300 200 200 800 200 0
800 200 200 0 200 0
400 200 200 1100 0 0
300 200 200 800 0 0
800 200 200 0 0 0
